INH done in 49s
RIF done in 53s
EMB done in 34s
ETH done in 41s
LEV done in 39s
MXF done in 36s
KAN done in 43s
AMI done in 43s
protocol   loco                                                                                                                                                        random                      sa_holdout       
test        BRA           CHN           DEU           IND           ITA           NPL           PAK           PER           SWE           VNM           ZAF        South Asia           all        South Asia       
model       WHO    XGB    WHO    XGB    WHO    XGB    WHO    XGB    WHO    XGB    WHO    XGB    WHO    XGB    WHO    XGB    WHO    XGB    WHO    XGB    WHO    XGB        WHO    XGB    WHO    XGB        WHO    XGB
drug                                                                                                                                                                                                                
AMI       0.200  0.200  0.455  0.455    NaN    NaN  0.598  0.609  0.872  0.851    NaN    NaN  0.655  0.655  0.889  0.847  0.866  0.817  0.100  0.100  0.927  0.941      0.613  0.621  0.796  0.789      0.613  0.629
EMB       0.957  0.957  0.837  0.796    NaN    NaN  0.843  0.900  0.732  0.976    NaN    NaN  0.907  0.925  0.921  0.555  0.924  0.965  0.806  0.839  0.921  0.930      0.865  0.940  0.885  0.924      0.865  0.948
ETH       0.923  1.000  0.690  0.521  0.789  0.842  0.737  0.827  0.946  0.946    NaN    NaN  0.673  0.731  0.838  0.789  0.933  0.950  0.782  0.736  0.863  0.836      0.694  0.816  0.816  0.860      0.694  0.760
INH       0.863  0.863  0.807  0.841  1.000  1.000  0.949  0.952  0.991  0.991  0.993  1.000  0.920  0.930  0.954  0.931  1.000  1.000  0.938  0.940  0.875  0.872      0.945  0.957  0.932  0.937      0.945  0.945
KAN         NaN    NaN  0.571  0.571  0.950  0.950  0.652  0.634  0.920  0.693    NaN    NaN  0.655  0.690  0.840  0.829  0.929  0.802    NaN    NaN  0.765  0.779      0.660  0.667  0.791  0.790      0.660  0.667
LEV         NaN    NaN  0.681  0.689  1.000  1.000  0.901  0.890  0.862  0.862  0.946  0.955  0.759  0.765  0.657  0.650  0.959  0.945  0.500  0.500  0.883  0.865      0.873  0.873  0.842  0.840      0.873  0.860
MXF         NaN    NaN  0.717  0.708    NaN    NaN  0.929  0.927  0.818  0.841    NaN    NaN  0.818  0.753  0.693  0.685  0.968  0.915  0.455  0.455  0.886  0.882      0.915  0.923  0.864  0.864      0.915  0.903
RIF       0.905  0.892  0.898  0.873  0.986  0.986  0.956  0.953  0.977  0.977  1.000  1.000  0.957  0.946  0.973  0.955  0.988  0.988  0.909  0.920  0.952  0.903      0.960  0.952  0.958  0.943      0.960  0.956
